Done Abalone
Iteration: 0 | New Error: 1.006009520743615

Iteration: 1 | Best Mean-Squared-Error: 1.006009520743615

Iteration: 0 | New Error: 1.0060566729198093
Done Abalone
