Done Abalone
Iteration: 0 | New Error: 1.0060103796909812

Iteration: 1 | Best Mean-Squared-Error: 1.0060103796909812

Iteration: 0 | New Error: 1.0060039102350058
Done Abalone
