Done Abalone
Iteration: 0 | New Error: 1.0060021572475764

Iteration: 1 | Best Mean-Squared-Error: 1.0060021572475764

Iteration: 0 | New Error: 1.0060298706578852
Done Abalone
