Done Soybean
Iteration: 0 | New Error: 1.00130153420185
Iteration: 50 | New Error: 0.5366427207999971
Iteration: 100 | New Error: 0.36506053224119556
Iteration: 150 | New Error: 0.2738700559293596
Done Soybean
